
Count:1000
96.42791748046875
96.42696380615234
101.81331634521484
108.73103141784668
94.2080020904541
107.63955116271973
94.68936920166016
88.78946304321289
91.21227264404297
86.7147445678711
87.7068042755127
92.20600128173828
91.69292449951172
87.23568916320801
99.66182708740234
109.62963104248047
125.58531761169434
105.65924644470215
100.66008567810059
86.71283721923828
Count:2000
360.80408096313477
328.7167549133301
406.1901569366455
390.6817436218262
357.91826248168945
331.8970203399658
326.63607597351074
369.1751956939697
349.3461608886719
314.95070457458496
344.8488712310791
307.9819679260254
311.95807456970215
311.96069717407227
327.4109363555908
341.36343002319336
314.50581550598145
318.93348693847656
326.9062042236328
339.8633003234863
Count:4000
1343.6729907989502
1341.0558700561523
1323.0888843536377
1445.1587200164795
1327.5983333587646
1277.7490615844727
1334.5284461975098
1465.28959274292
1351.0706424713135
1337.0640277862549
1376.7857551574707
1408.8330268859863
1295.7260608673096
1284.7034931182861
1253.8299560546875
1271.7602252960205
1289.71529006958
1272.742748260498
1368.5524463653564
1344.515085220337